20	0,0082	0,007	0,013	0,000020500000000000000000000000
24	0,007	0,005	0,009	0,000012152777777777800000000000
28	0,0084	0,007	0,011	0,000010714285714285700000000000
34	0,0118	0,008	0,014	0,000010207612456747400000000000
41	0,0173	0,019	0,023	0,000010291493158834000000000000
49	0,0243	0,022	0,028	0,000010120783007080400000000000
59	0,0346	0,027	0,044	0,000009939672507900030000000000
71	0,0483	0,039	0,051	0,000009581432255504860000000000
85	0,0799	0,059	0,172	0,000011058823529411800000000000
103	0,103	0,1	0,119	0,000009708737864077670000000000
123	0,1501	0,133	0,174	0,000009921343115870180000000000
148	0,2302	0,28	0,355	0,000010509495982469000000000000
178	0,3263	0,303	0,378	0,000010298573412447900000000000
213	0,4642	0,43	0,563	0,000010231655976547900000000000
256	0,6887	0,638	0,831	0,000010508728027343700000000000
308	0,00954	0,897	1,122	0,000000100565019396188000000000
369	1,5646	1,314	2,777	0,000011490808675024400000000000
443	2,1198	2,002	2,451	0,000010801583702337300000000000
532	3,0918	2,895	3,583	0,000010924161908530700000000000
638	4,3555	3,924	4,998	0,000010700317410402800000000000
766	6,4941	5,973	7,984	0,000011067803311768400000000000
920	9,4189	8,605	11,63	0,000011128189981096400000000000
1104	13,3338	12,53	15,507	0,000010939961405167000000000000
1324	19,1805	18,179	22,34	0,000010941678608263900000000000
1589	28,5683	25,782	36,556	0,000011314532217047600000000000
1907	41,1887	37,79	53,638	0,000011326003691860300000000000
2289	61,1385	55,276	96,573	0,000011668719335221700000000000
2747	89,1103	78,762	150,477	0,000011808931052162800000000000
3296	122,4988	113,762	159,543	0,000011276061304081400000000000
3956	170,6006	163,508	184,186	0,000010901041384450400000000000
4747	245,8516	158,912	283,763	0,000010910246818486700000000000
5697	362,8442	239,019	406,058	0,000011179638135040800000000000
6836	513,1813	331,26	618,801	0,000010981627658070200000000000
8203	724,411	623,943	861,433	0,000010765634055826100000000000
9844	953,4099	701,794	1283,49	0,000009838671202493970000000000
11813	1371,3576	999,056	1630,49	0,000009827211653733590000000000
14176	1903,054	1438,68	2561,64	0,000009469863142614740000000000
17011	2924,919	2671,88	3283,43	0,000010107742150169700000000000
20413	4225,4	3104,38	4750,81	0,000010140378291115100000000000
24496	6243,104	5379,46	6625,01	0,000010404236674586300000000000
29395	8052,649	6613,62	9522,58	0,000009319483427206850000000000
35274	12607,49	10803,5	13734,1	0,000010132560632607800000000000
42329	18135,74	15400,1	20008,2	0,000010121835240211600000000000