20	0,0024	0,002	0,003	0,000026832815729997500000000000
24	0,0032	0,002	0,004	0,000027216552697590900000000000
28	0,0034	0,003	0,004	0,000022947843004131700000000000
34	0,0048	0,004	0,006	0,000024211564961295400000000000
41	0,0062	0,005	0,008	0,000023616520090472100000000000
49	0,0074	0,006	0,009	0,000021574344023323600000000000
59	0,0088	0,008	0,0012	0,000019418007061546600000000000
71	0,0116	0,013	0,016	0,000019389672162040400000000000
85	0,0144	0,013	0,017	0,000018375285838756700000000000
103	0,019	0,018	0,02	0,000018175976975846200000000000
123	0,0238	0,021	0,027	0,000017446940898443000000000000
148	0,0298	0,024	0,032	0,000016550979127363700000000000
178	0,0386	0,034	0,043	0,000016253889435528200000000000
213	0,0478	0,043	0,051	0,000015376535366082600000000000
256	0,0712	0,068	0,076	0,000017382812500000000000000000
308	0,0734	0,067	0,083	0,000013579068688534800000000000
369	0,0958	0,083	0,111	0,000013515308391082600000000000
443	0,1168	0,106	0,13	0,000012526716635531300000000000
532	0,1582	0,128	0,183	0,000012892556125819200000000000
638	0,1816	0,13	0,2	0,000011268985656397000000000000
766	0,2212	0,199	0,242	0,000010433787038173600000000000
920	0,296	0,269	0,315	0,000010607425006801800000000000
1104	0,3804	0,34	0,431	0,000010370194409833900000000000
1324	0,4524	0,398	0,489	0,000009390541116768170000000000
1589	0,6006	0,586	0,662	0,000009481989761781560000000000
1907	0,6978	0,652	0,762	0,000008379245706910220000000000
2289	0,887	0,821	0,927	0,000008099438848882820000000000
2747	1,0664	0,957	1,178	0,000007406826083256570000000000
3296	1,392	1,209	1,635	0,000007356283039244010000000000
3956	1,6564	1,465	2,021	0,000006657034343026210000000000
4747	2,1598	1,85	2,779	0,000006603659763393530000000000
5697	2,705	2,398	2,989	0,000006290685020373090000000000
6836	3,2586	2,684	4,456	0,000005765380463217790000000000
8203	4,7352	5,523	6,617	0,000006373518630492320000000000
9844	6,0986	5,07	6,2914	0,000006244141582345640000000000
11813	7,245	5,245	7,867	0,000005642844516766110000000000
14176	8,2814	6,342	8,167	0,000004906515839495870000000000
17011	9,3922	7,862	12,24	0,000004233236822186340000000000
20413	11,2424	9,503	13,488	0,000003854772747097090000000000
24496	13,6288	12,117	14,671	0,000003554797436928450000000000
29395	16,6664	14,357	20,27	0,000003306980271628240000000000
35274	20,7132	18,419	24,687	0,000003126548231924880000000000
42329	25,1804	22,317	29,556	0,000002891382923999530000000000