20	0,0082	0,0049	0,0032	0,0029	0,003	0,0024
24	0,007	0,0055	0,0029	0,0035	0,0031	0,0032
28	0,0084	0,007	0,0037	0,0037	0,0033	0,0034
34	0,0118	0,0099	0,0043	0,0045	0,0043	0,0048
41	0,0173	0,0129	0,0055	0,006	0,0053	0,0062
49	0,0243	0,0174	0,0073	0,0071	0,0062	0,0074
59	0,0346	0,0239	0,0099	0,0085	0,0073	0,0088
71	0,0483	0,0339	0,0139	0,0109	0,0093	0,0116
85	0,0799	0,0459	0,0189	0,0135	0,0114	0,0144
103	0,103	0,0692	0,0267	0,0171	0,0146	0,019
123	0,1501	0,0912	0,0368	0,021	0,0172	0,0238
148	0,2302	0,1294	0,0519	0,0267	0,022	0,0298
178	0,3263	0,1874	0,0758	0,0328	0,0271	0,0386
213	0,4642	0,265	0,1045	0,0414	0,0338	0,0478
256	0,6887	0,378	0,1508	0,0513	0,0418	0,0712
308	0,00954	0,5519	0,2154	0,0713	0,0522	0,0734
369	1,5646	0,7864	0,3072	0,0822	0,0644	0,0958
443	2,1198	1,1086	0,4443	0,1006	0,0802	0,1168
532	3,0918	1,6234	0,6372	0,1268	0,0988	0,1582
638	4,3555	2,3167	0,9126	0,1567	0,115	0,1816
766	6,4941	3,6091	1,3089	0,1947	0,1436	0,2212
920	9,4189	4,8966	1,9134	0,2396	0,1756	0,296
1104	13,3338	7,2126	2,8402	0,2993	0,2154	0,3804
1324	19,1805	10,459	3,9016	0,3694	0,2654	0,4524
1589	28,5683	15,254	6,0091	0,4516	0,3246	0,6006
1907	41,1887	21,1431	8,1589	0,5581	0,3988	0,6978
2289	61,1385	29,8784	11,8132	0,6884	0,4908	0,887
2747	89,1103	44,7758	17,9961	0,8362	0,6026	1,0664
3296	122,4988	63,5258	24,0685	1,0959	0,7352	1,392
3956	170,6006	87,0383	35,8068	1,255	0,8876	1,6564
4747	245,8516	120,6623	54,076	1,5943	1,0942	2,1598
5697	362,8442	177,2189	73,2707	1,8563	1,3244	2,705
6836	513,1813	247,5695	103,9555	2,2738	1,6198	3,2586
8203	724,411	364,935	146,9738	2,7933	1,9566	4,7352
9844	953,4099	520,4583	211,9669	3,5146	2,4118	6,0986
11813	1371,3576	757,7918	311,8584	4,1143	3,0722	7,245
14176	1903,054	1091,9841	451,2483	5,1156	3,6238	8,2814
17011	2924,919	1567,568	673,9297	6,3278	4,4454	9,3922
20413	4225,4	2395,995	918,7829	7,9231	5,4414	11,2424
24496	6243,104	3428,928	1316,849	9,3131	6,72	13,6288
29395	8052,649	4736,13	1800,17	11,4623	8,3312	16,6664
35274	12607,49	6664,22	2581,067	13,2284	10,374	20,7132
42329	18135,74	8823,252	3452,071	16,5403	13,0414	25,1804