20	0,0029	0,002	0,003	0,000111450159091835000000000000
24	0,0035	0,003	0,006	0,000105660154711162000000000000
28	0,0037	0,003	0,004	0,000091311974422238100000000000
34	0,0045	0,004	0,005	0,000086421654065002600000000000
41	0,006	0,005	0,007	0,000090738422761919400000000000
49	0,0071	0,006	0,008	0,000085728490851327200000000000
59	0,0085	0,008	0,009	0,000081355074090337300000000000
71	0,0109	0,01	0,012	0,000082927986181284700000000000
85	0,0135	0,013	0,015	0,000082316767652191700000000000
103	0,0171	0,016	0,019	0,000082480299667572800000000000
123	0,021	0,019	0,023	0,000081693521099378400000000000
148	0,0267	0,024	0,03	0,000083126106001724400000000000
178	0,0328	0,031	0,035	0,000081882343176958400000000000
213	0,0414	0,039	0,044	0,000083477022774140000000000000
256	0,0513	0,048	0,054	0,000083210405892442200000000000
308	0,0713	0,06	0,103	0,000093023423215198600000000000
369	0,0822	0,079	0,087	0,000086779096069663600000000000
443	0,1006	0,094	0,108	0,000085810050018891100000000000
532	0,1268	0,121	0,136	0,000087437120792129900000000000
638	0,1567	0,148	0,171	0,000087567553651395100000000000
766	0,1947	0,183	0,205	0,000088126693821268400000000000
920	0,2396	0,229	0,25	0,000087872276215517000000000000
1104	0,2993	0,281	0,319	0,000089092286488952700000000000
1324	0,3694	0,349	0,417	0,000089369965379706100000000000
1589	0,4516	0,429	0,496	0,000088782537306032800000000000
1907	0,5581	0,526	0,622	0,000089215652074859200000000000
2289	0,6884	0,651	0,74	0,000089516187405769200000000000
2747	0,8362	0,791	0,883	0,000088519138292637400000000000
3296	1,0959	0,964	1,885	0,000094512547331874100000000000
3956	1,255	1,183	1,323	0,000088189334049335300000000000
4747	1,5943	1,452	2,132	0,000091353624968191100000000000
5697	1,8563	1,772	1,978	0,000086759545866504700000000000
6836	2,2738	2,16	2,38	0,000086737571156141800000000000
8203	2,7933	2,622	2,964	0,000087001567314619600000000000
9844	3,5146	3,206	4,817	0,000089410047464257000000000000
11813	4,1143	3,947	4,417	0,000085524307625348700000000000
14176	5,1156	4,891	5,489	0,000086922501028074100000000000
17011	6,3278	5,828	7,232	0,000087924033985096900000000000
20413	7,9231	7,025	10,144	0,000090057610442504300000000000
24496	9,3131	8,758	12,152	0,000086621179811470600000000000
29395	11,4623	10,443	12,851	0,000087268711094230500000000000
35274	13,2284	12,84	13,901	0,000082467765165037200000000000
42329	16,5403	15,467	17,63	0,000084457817085146700000000000