20	0,0082	0,0049	0,0032	0,0029
24	0,007	0,0055	0,0029	0,0035
28	0,0084	0,007	0,0037	0,0037
34	0,0118	0,0099	0,0043	0,0045
41	0,0173	0,0129	0,0055	0,006
49	0,0243	0,0174	0,0073	0,0071
59	0,0346	0,0239	0,0099	0,0085
71	0,0483	0,0339	0,0139	0,0109
85	0,0799	0,0459	0,0189	0,0135
103	0,103	0,0692	0,0267	0,0171
123	0,1501	0,0912	0,0368	0,021
148	0,2302	0,1294	0,0519	0,0267
178	0,3263	0,1874	0,0758	0,0328
213	0,4642	0,265	0,1045	0,0414
256	0,6887	0,378	0,1508	0,0513
308	0,00954	0,5519	0,2154	0,0713
369	1,5646	0,7864	0,3072	0,0822
443	2,1198	1,1086	0,4443	0,1006
532	3,0918	1,6234	0,6372	0,1268
638	4,3555	2,3167	0,9126	0,1567
766	6,4941	3,6091	1,3089	0,1947
920	9,4189	4,8966	1,9134	0,2396
1104	13,3338	7,2126	2,8402	0,2993
1324	19,1805	10,459	3,9016	0,3694
1589	28,5683	15,254	6,0091	0,4516
1907	41,1887	21,1431	8,1589	0,5581
2289	61,1385	29,8784	11,8132	0,6884
2747	89,1103	44,7758	17,9961	0,8362
3296	122,4988	63,5258	24,0685	1,0959
3956	170,6006	87,0383	35,8068	1,255
4747	245,8516	120,6623	54,076	1,5943
5697	362,8442	177,2189	73,2707	1,8563
6836	513,1813	247,5695	103,9555	2,2738
8203	724,411	364,935	146,9738	2,7933
9844	953,4099	520,4583	211,9669	3,5146
11813	1371,3576	757,7918	311,8584	4,1143
14176	1903,054	1091,9841	451,2483	5,1156
17011	2924,919	1567,568	673,9297	6,3278
20413	4225,4	2395,995	918,7829	7,9231
24496	6243,104	3428,928	1316,849	9,3131
29395	8052,649	4736,13	1800,17	11,4623
35274	12607,49	6664,22	2581,067	13,2284
42329	18135,74	8823,252	3452,071	16,5403