20	0,0049	0,003	0,006	0,000007500000000000000000000000
24	0,0055	0,004	0,006	0,000006944444444444440000000000
28	0,007	0,005	0,009	0,000006377551020408160000000000
34	0,0099	0,008	0,012	0,000006920415224913490000000000
41	0,0129	0,011	0,014	0,000006543723973825100000000000
49	0,0174	0,014	0,02	0,000005830903790087460000000000
59	0,0239	0,02	0,028	0,000005745475438092500000000000
71	0,0339	0,029	0,038	0,000005752826820075380000000000
85	0,0459	0,041	0,051	0,000005674740484429070000000000
103	0,0692	0,059	0,096	0,000005561315863889150000000000
123	0,0912	0,083	0,101	0,000005486152422499830000000000
148	0,1294	0,115	0,14	0,000005250182615047480000000000
178	0,1874	0,167	0,202	0,000005270799141522540000000000
213	0,265	0,243	0,283	0,000005356080142828800000000000
256	0,378	0,361	0,399	0,000005508422851562500000000000
308	0,5519	0,513	0,575	0,000005407741609040310000000000
369	0,7864	0,742	0,939	0,000005449431188078820000000000
443	1,1086	1,038	1,168	0,000005289198925854400000000000
532	1,6234	1,504	1,759	0,000005314036972129570000000000
638	2,3167	2,184	2,476	0,000005365513310600330000000000
766	3,6091	3,14	5,412	0,000005351457846191600000000000
920	4,8966	4,632	5,062	0,000005472589792060490000000000
1104	7,2126	6,731	8,319	0,000005522572726318000000000000
1324	10,459	9,81	13,058	0,000005596197552048630000000000
1589	15,254	13,913	19,425	0,000005510271410471850000000000
1907	21,1431	19,903	23,217	0,000005472895514524500000000000
2289	29,8784	19,388	34,549	0,000003700338256111580000000000
2747	44,7758	29,386	57,629	0,000003894243963928480000000000
3296	63,5258	55,354	82,65	0,000005095356831463850000000000
3956	87,0383	69,308	94,039	0,000004428644308832960000000000
4747	120,6623	79,808	134,419	0,000003541668950252040000000000
5697	177,2189	115,795	201,435	0,000003567774261920260000000000
6836	247,5695	162,662	297,583	0,000003480823479181740000000000
8203	364,935	236,718	443,324	0,000003517919195632100000000000
9844	520,4583	337,145	658,957	0,000003479152883313700000000000
11813	757,7918	494,094	957,144	0,000003540700335813100000000000
14176	1091,9841	741,184	1293,77	0,000003688235354065500000000000
17011	1567,568	1166,22	1718,32	0,000004030146151182610000000000
20413	2395,995	2080,33	2525,45	0,000004992505601920640000000000
24496	3428,928	3056,61	3600,44	0,000005093891413935640000000000
29395	4736,13	3703,91	5313,73	0,000004286605297320880000000000
35274	6664,22	5131,73	7673,71	0,000004124339212259720000000000
42329	8823,252	6886,13	10755,9	0,000003843254992775500000000000