20	0,0032	0,003	0,004	0,000007500000000000000000000000
24	0,0029	0,002	0,004	0,000003472222222222220000000000
28	0,0037	0,002	0,005	0,000002551020408163270000000000
34	0,0043	0,003	0,005	0,000002595155709342560000000000
41	0,0055	0,005	0,007	0,000002974419988102320000000000
49	0,0073	0,006	0,009	0,000002498958767180340000000000
59	0,0099	0,009	0,011	0,000002585463947141630000000000
71	0,0139	0,012	0,017	0,000002380480063479470000000000
85	0,0189	0,017	0,025	0,000002352941176470590000000000
103	0,0267	0,023	0,034	0,000002167970591007640000000000
123	0,0368	0,0432	0,046	0,000002855443188578230000000000
148	0,0519	0,045	0,065	0,000002054419284149010000000000
178	0,0758	0,068	0,095	0,000002146193662416360000000000
213	0,1045	0,099	0,127	0,000002182106724856180000000000
256	0,1508	0,14	0,179	0,000002136230468750000000000000
308	0,2154	0,19	0,253	0,000002002867262607520000000000
369	0,3072	0,285	0,351	0,000002093110361997930000000000
443	0,4443	0,396	0,546	0,000002017844676915550000000000
532	0,6372	0,583	0,749	0,000002059895980552890000000000
638	0,9126	0,837	1,154	0,000002056288755024030000000000
766	1,3089	1,176	1,525	0,000002004240263414430000000000
920	1,9134	1,767	2,241	0,000002087665406427220000000000
1104	2,8402	2,551	3,426	0,000002093014860323460000000000
1324	3,9016	3,6	4,949	0,000002053650477816010000000000
1589	6,0091	5,329	7,66	0,000002110561082901210000000000
1907	8,1589	7,691	9,751	0,000002114859036437120000000000
2289	11,8132	10,812	15,143	0,000002063547412063050000000000
2747	17,9961	15,717	27,4	0,000002082822853776080000000000
3296	24,0685	22,317	31,258	0,000002054288369544730000000000
3956	35,8068	32,406	44,485	0,000002070679394471650000000000
4747	54,076	46,509	90,956	0,000002063946987861770000000000
5697	73,2707	67,981	87,15	0,000002094571113602500000000000
6836	103,9555	98,084	124,011	0,000002098911178591570000000000
8203	146,9738	140,814	164,642	0,000002092668380155870000000000
9844	211,9669	202,783	231,752	0,000002092610180002680000000000
11813	311,8584	291,439	342,436	0,000002088465282252030000000000
14176	451,2483	423,838	483,067	0,000002109077227782050000000000
17011	673,9297	611,705	779,206	0,000002113889790441900000000000
20413	918,7829	668,026	1037,52	0,000001603170433166200000000000
24496	1316,849	1253,76	1388,61	0,000002089411897211600000000000
29395	1800,17	1472,19	2114,9	0,000001703793410925980000000000
35274	2581,067	2155,48	2778,7	0,000001732345755766880000000000
42329	3452,071	2731,5	3927,26	0,000001524492133138100000000000