100	0,0348	0,031	0,042	0,0696
120	0,0235	0,021	0,026	0,048860759
144	0,0291	0,024	0,033	0,062808349
172	0,0353	0,028	0,039	0,078914154
207	0,0457	0,035	0,058	0,105839845
248	0,0525	0,041	0,059	0,125708713
298	0,0656	0,053	0,073	0,162308587
358	0,0805	0,061	0,089	0,205587584
429	0,0998	0,076	0,114	0,262719238
515	0,1191	0,09	0,134	0,322976241
619	0,1507	0,116	0,176	0,420707781
743	0,2092	0,137	0,431	0,60061086
891	0,2244	0,167	0,256	0,661952557
1069	0,2765	0,206	0,333	0,837512335
1283	0,3354	0,252	0,378	1,042499221
1540	0,4151	0,312	0,467	1,323139851
1848	0,5044	0,377	0,57	1,647724472
2218	0,6716	0,476	1,094	2,247147771
2662	0,7835	0,566	0,936	2,683650508
3194	0,9371	0,706	1,081	3,283912246
3833	1,129	0,842	1,276	4,045815327
4600	1,3966	1,046	1,583	5,115407588
5520	1,7437	1,293	2,087	6,52481917
6624	2,2533	1,567	3,81	8,610130426
7949	2,5122	1,938	2,861	9,798365055
9539	3,0885	2,308	3,497	12,29069455
11447	3,8425	2,853	4,83	15,59552279
13737	4,5821	3,401	5,23	18,96023447
16484	5,6864	5,426	6,257	23,9799048
19781	7,0631	6,687	7,828	30,34483096
23737	8,4931	8,133	9,431	37,16092912
28485	10,2951	9,864	11,371	45,86071949
34182	12,7469	11,918	14,796	57,79186297
41018	15,2126	14,607	16,426	70,17533559
49222	18,1405	16,04	20,347	85,11811498
59066	22,6546	21,513	24,741	108,0927439
70880	27,2155	26,153	30,331	132,009428
85056	33,0417	31,851	36,627	162,8858322
102067	40,0145	38,639	44,508	200,4280428
122480	48,7886	46,514	56,69	248,2395767
146977	60,0271	56,912	65,949	310,1749952
176372	73,1538	71,031	81,301	383,7962646
211647	88,0943	82,869	99,63	469,1560715
253976	104,0292	86,933	121,941	562,2562586
304771	126,5567	103,61	143,499	694,0336068
365726	154,0776	129,85	173,279	857,1576996
438871	187,7517	163,281	210,354	1059,358342
526645	232,1947	194,917	260,361	1328,506148
631974	282,7777	216,107	340,718	1640,308381
758369	326,5163	251,707	366,605	1919,876849
910043	393,676	299,442	448,05	2345,939658