20	0,003	0,002	0,003	0,000115293268026036000000000000
24	0,0031	0,003	0,004	0,000093584708458457800000000000
28	0,0033	0,002	0,004	0,000081440409619834000000000000
34	0,0043	0,003	0,005	0,000082580691662113600000000000
41	0,0053	0,005	0,006	0,000080152273439695400000000000
49	0,0062	0,005	0,007	0,000074861499053271600000000000
59	0,0073	0,006	0,009	0,000069869651865819100000000000
71	0,0093	0,008	0,01	0,000070755070778527300000000000
85	0,0114	0,01	0,013	0,000069511937128517400000000000
103	0,0146	0,013	0,017	0,000070421776324360400000000000
123	0,0172	0,015	0,019	0,000066910883948062300000000000
148	0,022	0,019	0,025	0,000068493420675578100000000000
178	0,0271	0,023	0,03	0,000067652789637060100000000000
213	0,0338	0,029	0,039	0,000068152738400143300000000000
256	0,0418	0,036	0,047	0,000067801071467915900000000000
308	0,0522	0,047	0,058	0,000068104105074801800000000000
369	0,0644	0,058	0,071	0,000067987515655551500000000000
443	0,0802	0,07	0,87	0,000068409204885835700000000000
532	0,0988	0,088	0,111	0,000068129239229199000000000000
638	0,115	0,107	0,132	0,000064264637331910900000000000
766	0,1436	0,134	0,161	0,000064997397189184100000000000
920	0,1756	0,165	0,203	0,000064400549680487400000000000
1104	0,2154	0,199	0,25	0,000064117870062547300000000000
1324	0,2654	0,248	0,305	0,000064208957259810500000000000
1589	0,3246	0,308	0,368	0,000063814906132724200000000000
1907	0,3988	0,312	0,423	0,000063750586001529900000000000
2289	0,4908	0,461	0,572	0,000063821244594351500000000000
2747	0,6026	0,562	0,692	0,000063790519893737500000000000
3296	0,7352	0,682	0,84	0,000063405077834103300000000000
3956	0,8876	0,624	1,017	0,000062371994344374500000000000
4747	1,0942	1,017	1,26	0,000062697821263372500000000000
5697	1,3244	1,237	1,509	0,000061899661986531700000000000
6836	1,6198	1,421	1,866	0,000061789743055114100000000000
8203	1,9566	1,594	2,254	0,000060941276127800300000000000
9844	2,4118	2,284	2,748	0,000061355247389260500000000000
11813	3,0722	2,736	3,393	0,000063862085381862400000000000
14176	3,6238	3,376	4,142	0,000061574352808181800000000000
17011	4,4454	4,109	5,17	0,000061768308207805200000000000
20413	5,4414	5,089	6,212	0,000061849463147233100000000000
24496	6,72	6,195	7,724	0,000062502746489684700000000000
29395	8,3312	7,768	9,399	0,000063429947381263200000000000
35274	10,374	8,245	11,938	0,000064673021364798200000000000
42329	13,0414	11,956	14,698	0,000066591789491982100000000000